Model output [[0.01743918 0.0179795  0.01789151 0.01868365 0.01775653 0.01789817
  0.01864776 0.01776727 0.017593   0.01760865 0.01862032 0.01775563
  0.01730773 0.01741505 0.01742317 0.01796999 0.01760261 0.0177193
  0.01747692 0.01787941 0.01779273 0.01828978 0.01761813 0.01736916
  0.01765669 0.01813224 0.01836153 0.01812694 0.01823867 0.01802725
  0.01732024 0.01782754 0.0182896  0.01753218 0.01786142 0.01788365
  0.01792725 0.01803927 0.01819426 0.01766677 0.01792313 0.01843089
  0.01772459 0.01819783 0.0175051  0.01809937 0.01764969 0.01770863
  0.01767507 0.01838631 0.01800945 0.01823866 0.01766689 0.0174774
  0.01738079 0.01733559]]
Predicted class [3]
Prediction confidence [0.01868365]
Predicted label ang
Actual label ang

Correct True
File CUsersPrinzDownloadspinyin2Pinyin-TutoriOwltest_dataangangtest2.wav
Model output [[0.01752408 0.01795651 0.0178368  0.01860124 0.01773822 0.01789827
  0.01863064 0.01782194 0.01753535 0.01743656 0.01849261 0.01779599
  0.01739113 0.01739534 0.01763137 0.01798442 0.01762366 0.01764804
  0.01745994 0.01785019 0.01790253 0.01828566 0.01751519 0.01746022
  0.017709   0.01803091 0.01834817 0.01804992 0.01828804 0.01803903
  0.01742576 0.01776166 0.01829739 0.01750678 0.01786787 0.01800049
  0.01795971 0.01797503 0.01811549 0.01770033 0.01796842 0.01825213
  0.0177267  0.01815775 0.01754177 0.0180313  0.01770035 0.01753477
  0.01776453 0.01835275 0.01795835 0.01829109 0.01770322 0.01755309
  0.01756431 0.01740791]]
Predicted class [6]
Prediction confidence [0.01863064]
Predicted label c
Actual label ang

Correct False
File CUsersPrinzDownloadspinyin2Pinyin-TutoriOwltest_dataangangtest3.wav
Model output [[0.01738679 0.01752794 0.01797348 0.01872535 0.01799528 0.01800687
  0.01869834 0.01776785 0.01735272 0.01762528 0.01871375 0.01767073
  0.01721806 0.01740407 0.01744515 0.01778238 0.0177031  0.01768935
  0.01736003 0.01754662 0.0179212  0.01829538 0.01748615 0.01750037
  0.01782053 0.01806264 0.01832274 0.01809069 0.01827615 0.01784964
  0.01702074 0.017816   0.01828859 0.01774577 0.01800134 0.01811912
  0.017695   0.01795809 0.01809498 0.01747036 0.01807456 0.01854935
  0.01782797 0.0181353  0.01772876 0.01783158 0.01789624 0.01768549
  0.01779758 0.01829864 0.01816369 0.01829484 0.01767912 0.01733861
  0.01810305 0.01716665]]
Predicted class [3]
Prediction confidence [0.01872535]
Predicted label ang
Actual label ang

Correct True
File CUsersPrinzDownloadspinyin2Pinyin-TutoriOwltest_dataangangtest4.wav
Model output [[0.01770398 0.01796078 0.01787142 0.01841954 0.01789996 0.01801544
  0.01819666 0.01775898 0.01776782 0.01772366 0.01835976 0.01777229
  0.01758994 0.01769423 0.01759205 0.01777201 0.01771113 0.01772556
  0.01773545 0.01787123 0.01793649 0.01806959 0.01769269 0.01767959
  0.01780978 0.01790079 0.01812505 0.01791333 0.01799461 0.01798537
  0.01748725 0.0178249  0.01815746 0.01747563 0.01779307 0.01780683
  0.01791096 0.01778279 0.01799339 0.01779238 0.01782094 0.01819024
  0.01792282 0.01808081 0.01767416 0.01784298 0.01783183 0.01778102
  0.01778556 0.01822561 0.01799517 0.01804746 0.01775597 0.01767749
  0.01757259 0.01752148]]
Predicted class [3]
Prediction confidence [0.01841954]
Predicted label ang
Actual label ang

Correct True
File CUsersPrinzDownloadspinyin2Pinyin-TutoriOwltest_datazhzh_test.wav
Model output [[0.0178661  0.01792794 0.01779999 0.01802949 0.01782849 0.01780941
  0.01802402 0.01784467 0.01778096 0.01778879 0.01803437 0.01788329
  0.01772916 0.01767188 0.01769677 0.01793425 0.01777224 0.01780608
  0.01774014 0.01785925 0.01785029 0.01791305 0.01774988 0.01774324
  0.01782346 0.0179367  0.01792241 0.01791143 0.01796176 0.01800665
  0.01774625 0.01781193 0.0180442  0.01772104 0.01781758 0.01782903
  0.017998   0.01785567 0.01796147 0.01782346 0.01787986 0.01800016
  0.0178093  0.01794411 0.01775916 0.01795939 0.01780616 0.01786033
  0.01775596 0.0180183  0.01788088 0.017993   0.01779607 0.01775235
  0.01775541 0.01777468]]
Predicted class [32]
Prediction confidence [0.0180442]
Predicted label o
Actual label zh

Correct False

(audio) CUsersPrinzDownloadspinyin2Pinyin-TutoriOwlpython testdata.py
2024-11-15 173714.525252 W tensorflowstream_executorplatformdefaultdso_loader.cc59] Could not load dynamic library 'cudart64_101.dll'; dlerror cudart64_101.dll not found
2024-11-15 173714.525365 I tensorflowstream_executorcudacudart_stub.cc29] Ignore above cudart dlerror if you do not have a GPU set up on your machine.
File CUsersPrinzDownloadspinyin2Pinyin-TutoriOwltest_dataangangtest1.wav
Model output [[0.01743918 0.0179795  0.01789151 0.01868365 0.01775653 0.01789817
  0.01864776 0.01776727 0.017593   0.01760865 0.01862032 0.01775563
  0.01730773 0.01741505 0.01742317 0.01796999 0.01760261 0.0177193
  0.01747692 0.01787941 0.01779273 0.01828978 0.01761813 0.01736916
  0.01765669 0.01813224 0.01836153 0.01812694 0.01823867 0.01802725
  0.01732024 0.01782754 0.0182896  0.01753218 0.01786142 0.01788365
  0.01792725 0.01803927 0.01819426 0.01766677 0.01792313 0.01843089
  0.01772459 0.01819783 0.0175051  0.01809937 0.01764969 0.01770863
  0.01767507 0.01838631 0.01800945 0.01823866 0.01766689 0.0174774
  0.01738079 0.01733559]]
Predicted class [3]
Prediction confidence [0.01868365]
Predicted label ang
Actual label ang

File CUsersPrinzDownloadspinyin2Pinyin-TutoriOwltest_dataangangtest2.wav
Model output [[0.01752408 0.01795651 0.0178368  0.01860124 0.01773822 0.01789827
  0.01863064 0.01782194 0.01753535 0.01743656 0.01849261 0.01779599
  0.01739113 0.01739534 0.01763137 0.01798442 0.01762366 0.01764804
  0.01745994 0.01785019 0.01790253 0.01828566 0.01751519 0.01746022
  0.017709   0.01803091 0.01834817 0.01804992 0.01828804 0.01803903
  0.01742576 0.01776166 0.01829739 0.01750678 0.01786787 0.01800049
  0.01795971 0.01797503 0.01811549 0.01770033 0.01796842 0.01825213
  0.0177267  0.01815775 0.01754177 0.0180313  0.01770035 0.01753477
  0.01776453 0.01835275 0.01795835 0.01829109 0.01770322 0.01755309
  0.01756431 0.01740791]]
Predicted class [6]
Prediction confidence [0.01863064]
Predicted label c
Actual label ang

File CUsersPrinzDownloadspinyin2Pinyin-TutoriOwltest_dataangangtest3.wav
Model output [[0.01738679 0.01752794 0.01797348 0.01872535 0.01799528 0.01800687
  0.01869834 0.01776785 0.01735272 0.01762528 0.01871375 0.01767073
  0.01721806 0.01740407 0.01744515 0.01778238 0.0177031  0.01768935
  0.01736003 0.01754662 0.0179212  0.01829538 0.01748615 0.01750037
  0.01782053 0.01806264 0.01832274 0.01809069 0.01827615 0.01784964
  0.01702074 0.017816   0.01828859 0.01774577 0.01800134 0.01811912
  0.017695   0.01795809 0.01809498 0.01747036 0.01807456 0.01854935
  0.01782797 0.0181353  0.01772876 0.01783158 0.01789624 0.01768549
  0.01779758 0.01829864 0.01816369 0.01829484 0.01767912 0.01733861
  0.01810305 0.01716665]]
Predicted class [3]
Prediction confidence [0.01872535]
Predicted label ang
Actual label ang

File CUsersPrinzDownloadspinyin2Pinyin-TutoriOwltest_dataangangtest4.wav
Model output [[0.01770398 0.01796078 0.01787142 0.01841954 0.01789996 0.01801544
  0.01819666 0.01775898 0.01776782 0.01772366 0.01835976 0.01777229
  0.01758994 0.01769423 0.01759205 0.01777201 0.01771113 0.01772556
  0.01773545 0.01787123 0.01793649 0.01806959 0.01769269 0.01767959
  0.01780978 0.01790079 0.01812505 0.01791333 0.01799461 0.01798537
  0.01748725 0.0178249  0.01815746 0.01747563 0.01779307 0.01780683
  0.01791096 0.01778279 0.01799339 0.01779238 0.01782094 0.01819024
  0.01792282 0.01808081 0.01767416 0.01784298 0.01783183 0.01778102
  0.01778556 0.01822561 0.01799517 0.01804746 0.01775597 0.01767749
  0.01757259 0.01752148]]
Predicted class [3]
Prediction confidence [0.01841954]
Predicted label ang
Actual label ang

File CUsersPrinzDownloadspinyin2Pinyin-TutoriOwltest_datazhzh_test.wav
Model output [[0.0178661  0.01792794 0.01779999 0.01802949 0.01782849 0.01780941
  0.01802402 0.01784467 0.01778096 0.01778879 0.01803437 0.01788329
  0.01772916 0.01767188 0.01769677 0.01793425 0.01777224 0.01780608
  0.01774014 0.01785925 0.01785029 0.01791305 0.01774988 0.01774324
  0.01782346 0.0179367  0.01792241 0.01791143 0.01796176 0.01800665
  0.01774625 0.01781193 0.0180442  0.01772104 0.01781758 0.01782903
  0.017998   0.01785567 0.01796147 0.01782346 0.01787986 0.01800016
  0.0178093  0.01794411 0.01775916 0.01795939 0.01780616 0.01786033
  0.01775596 0.0180183  0.01788088 0.017993   0.01779607 0.01775235
  0.01775541 0.01777468]]
Predicted class [32]
Prediction confidence [0.0180442]
Predicted label o
Actual label zh

Correct predictions 3 out of 5
Accuracy 60.00%